1.07234
1.08818
0.862617
0.143979
1.0907
2.68678
0.141292
11.1795
2.79177
1.61553
2.75488
0.45115
2.46384
0.903774
0.449415
0.575878
0.715247
2.4889
1.01117
1.84219
2.22455
0.400103
0.868368
3.20197
2.33056
0.893895
0.395543
2.41949
0.894914
0.463959
0.324674
0.252676
0.474521
0.291269
0.289183
2.38109
0.880169
0.343639
2.5046
4.1786
1.04773
1.34182
3.97821
4.15704
2.97303
0.753291
0.850087
2.032
0.0103771
5.21112
1.02712
2.08294
1.00207
1.37851
0.34449
1.06838
2.28525
3.87017
0.0233009
0.691108
0.138215
1.86144
3.80336
0.881828
1.10463
0.486344
0.324413
2.78961
0.861555
0.770204
1.31337
1.76727
0.590762
0.746773
1.73517
0.140845
1.94086
0.180673
1.77329
0.681186
0.509271
3.45486
1.69183
1.10013
2.08502
2.77495
0.110913
3.30048
0.578148
0.241482
0.647938
1.45759
1.92396
0.760843
1.12177
1.99487
2.83036
1.16214
6.14552
0.103336
0.51792
2.27606
1.53159
0.772662
2.20019
0.700267
0.747986
3.67166
1.55672
3.24662
0.394656
0.535125
3.65339
1.53428
0.722816
1.92851
0.871537
4.10957
0.107365
0.928632
0.605136
0.279204
2.66117
0.444672
1.70265
0.561375
2.07545
2.40035
0.733231
0.0169223
1.37254
0.637416
1.57121
5.07739
4.0515
1.59188
1.6537
2.53178
1.65589
0.960785
0.669294
0.309124
2.96422
1.33422
4.49389
0.586065
1.2949
0.283703
1.77615
0.143376
4.78562
0.531462
0.602808
3.5831
3.44064
3.31499
2.96285
0.484794
1.63778
3.89548
1.58539
1.37784
0.907453
1.69889
5.49733
2.17262
0.448111
1.37572
0.513291
0.156614
2.43807
0.263531
2.9983
1.12066
15.1476
0.735977
1.30079
1.73783
0.235029
1.24689
5.72819
2.21859
0.660679
2.19877
3.06426
5.30775
2.76118
0.396146
0.597339
0.579383
0.548202
1.99668
4.26418
1.32628
5.9584
1.26134
1.10276
0.0394453
0.554078
2.60249
1.71491
2.98914
0.0927147
0.398469
0.850304
0.0918508
1.48227
0.254866
3.7797
2.0311
0.428126
0.924765
1.20137
0.034884
0.0955091
4.22544
1.01665
0.284266
2.10978
0.0561865
4.67214
2.89473
1.30126
0.598121
0.834357
6.09726
0.710205
3.29128
1.08367
1.27129
1.17392
0.77964
1.86378
0.272688
2.14032
7.77192
0.702939
3.71375
2.24338
1.85797
0.889939
2.71488
1.02197
1.94238
0.616677
0.906962
5.5217
5.01002
0.58737
